;SLOVAKIA		         AIC-A 02/95                               1
;
;ALES Ltd.					          Kosice   08.10.1996

setcolor(6);

setlevel(500)

settypeline($ffff)

;TMA Bratislava
poly(	[17 25 24, 48 36 50], [17 49 22, 48 19 46],
; Okraj AWY 4 
;	[18 01 12, 48 25 36], 
	[18 03 27, 48 09 27], 
	[17 48 32, 47 53 11], [17 37 00, 47 49 16],
; statna hranica 
          [ 17 36 43, 47 49 18 ],
	  [ 17 35 29, 47 49 17 ],
	  [ 17 34 12, 47 48 55 ],
	  [ 17 33 05, 47 49 57 ],
	  [ 17 32 46, 47 51 03 ],
	  [ 17 31 41, 47 51 57 ],
	  [ 17 30 09, 47 52 01 ],
	  [ 17 28 54, 47 52 38 ],
	  [ 17 27 34, 47 52 58 ],
	  [ 17 27 13, 47 53 17 ],
	  [ 17 26 24, 47 54 29 ],
	  [ 17 26 00, 47 55 17 ],
	  [ 17 24 52, 47 56 02 ],
	  [ 17 24 13, 47 56 54 ],
	  [ 17 22 46, 47 57 27 ],
	  [ 17 22 11, 47 58 00 ],
	  [ 17 20 00, 47 59 37 ],
	  [ 17 19 30, 47 59 45 ],
	  [ 17 17 09, 47 59 41 ],
	  [ 17 16 31, 47 59 43 ],
	  [ 17 15 01, 48 00 16 ],
	  [ 17 14 34, 48 01 22 ],
	  [ 17 13 36, 48 00 59 ],
	  [ 17 12 03, 48 01 08 ],
	  [ 17 09 46, 48 00 26 ],
	  [ 17 08 47, 48 01 14 ],
	  [ 17 07 44, 48 01 16 ],
	  [ 17 06 42, 48 01 55 ],
	  [ 17 05 29, 48 01 12 ],
	  [ 17 04 10, 48 01 55 ],
	  [ 17 05 22, 48 02 43 ],
	  [ 17 05 16, 48 02 59 ],
	  [ 17 04 12, 48 03 20 ],
	  [ 17 05 22, 48 03 55 ],
	  [ 17 04 26, 48 04 17 ],
	  [ 17 04 54, 48 04 46 ],
	  [ 17 04 28, 48 04 55 ],
	  [ 17 05 42, 48 05 30 ],
	  [ 17 05 23, 48 05 48 ],
	  [ 17 05 39, 48 05 59 ],
	  [ 17 04 29, 48 06 38 ],
	  [ 17 03 51, 48 07 25 ],
	  [ 17 04 17, 48 07 27 ],
	  [ 17 03 31, 48 08 36 ],
	  [ 17 02 33, 48 08 25 ],
	  [ 17 01 51, 48 08 27 ],
	  [ 16 58 37, 48 10 25 ],
	  [ 16 58 37, 48 11 19 ],
	  [ 16 57 47, 48 13 16 ],
	  [ 16 56 51, 48 14 12 ],
	  [ 16 57 04, 48 15 14 ],
	  [ 16 57 31, 48 15 51 ],
	  [ 16 57 03, 48 16 04 ],
	  [ 16 57 05, 48 16 32 ],
	  [ 16 56 44, 48 16 18 ],
	  [ 16 55 20, 48 16 24 ],
	  [ 16 54 57, 48 16 51 ],
	  [ 16 54 52, 48 17 30 ],
	  [ 16 54 04, 48 17 34 ],
	  [ 16 54 22, 48 17 59 ],
	  [ 16 53 24, 48 18 18 ],
          [ 16 54 18, 48 18 38 ],
          [ 16 54 36, 48 19 34 ], 
;koniec hranice
	[16 54 39, 48 19 34], [16 59 04, 48 18 52],
	[17 02 06, 48 16 25], [17 16 16, 48 17 15],
	[17 18 46, 48 20 09], [17 26 23, 48 28 00],	
	[17 25 24, 48 36 50])
