;SLOVAKIA		         AIC-A 02/95                               1
;
;ALES Ltd.					          Kosice   08.10.1996

setcolor(6);

setlevel(500)

settypeline($ffff)

;TMA Poprad
poly(	[20 15 19, 49 20 59], [20 27 33, 49 11 17],
	[20 42 23, 49 05 30], [20 42 00, 48 57 05],
	[20 44 05, 48 55 56], [20 38 46, 48 51 53],
	[19 58 08, 48 51 56], [19 52 47, 48 56 37],
	[19 46 24, 48 58 46], [19 50 33, 49 11 35],
; statna hranica
	  [ 19 50 34, 49 11 35 ],
	  [ 19 52 05, 49 11 48 ],
	  [ 19 53 11, 49 12 19 ],
	  [ 19 54 16, 49 12 49 ],
	  [ 19 54 19, 49 13 53 ],
	  [ 19 56 03, 49 14 12 ],
	  [ 19 58 59, 49 13 56 ],
	  [ 20 00 42, 49 13 12 ],
	  [ 20 00 43, 49 12 47 ],
	  [ 20 02 30, 49 11 52 ],
	  [ 20 04 38, 49 10 44 ],
	  [ 20 05 25, 49 10 48 ],
	  [ 20 05 20, 49 12 23 ],
	  [ 20 06 12, 49 13 22 ],
	  [ 20 06 11, 49 15 06 ],
	  [ 20 07 36, 49 16 17 ],
	  [ 20 08 10, 49 18 22 ],
	  [ 20 08 57, 49 19 07 ],
      [ 20 09 32, 49 18 09 ],
      [ 20 10 35, 49 18 51 ],
      [ 20 10 07, 49 19 26 ],
      [ 20 11 09, 49 19 42 ],
      [ 20 11 54, 49 20 32 ],
      [ 20 13 24, 49 21 05 ],
      [ 20 14 06, 49 20 46 ],
; koniec hranice
	[20 15 19, 49 20 59]) 
