;poly pre kruznicu polomera 13000
;zo stredom 21 14 37, 48 39 48
setcolor(6)
setlevel(700)
poly(
[21 25 13, 48 39 35],
[21 25 13, 48 40 12],
[21 25 07, 48 40 49],
[21 24 57, 48 41 25],
[21 24 41, 48 42 00],
[21 24 22, 48 42 34],
[21 23 58, 48 43 07],
[21 23 29, 48 43 39],
[21 22 57, 48 44 09],
[21 22 20, 48 44 36],
[21 21 40, 48 45 02],
;zakomentovana kruznica
;[21 20 57, 48 45 25],
;[21 20 11, 48 45 46],
;[21 19 22, 48 46 04],
;[21 18 31, 48 46 19],
;[21 17 39, 48 46 31],
;[21 16 45, 48 46 40],
;[21 15 50, 48 46 46],
;[21 14 54, 48 46 48],
;[21 13 59, 48 46 48],
;[21 13 03, 48 46 44],
;predlzena os drahy
[21 20 49, 48 45 31], [21 21 54, 48 48 39],
[21 13 57, 48 49 50], [21 12 51, 48 46 44],
;kruznica
[21 12 08, 48 46 37],
[21 11 15, 48 46 27],
[21 10 23, 48 46 14],
[21 09 33, 48 45 58],
[21 08 45, 48 45 39],
[21 08 00, 48 45 17],
[21 07 18, 48 44 53],
[21 06 39, 48 44 27],
[21 06 04, 48 43 58],
[21 05 33, 48 43 28],
[21 05 06, 48 42 56],
[21 04 43, 48 42 22],
[21 04 25, 48 41 47],
[21 04 12, 48 41 12],
[21 04 03, 48 40 35],
[21 03 59, 48 39 59],
[21 04 00, 48 39 22],
[21 04 06, 48 38 45],
[21 04 17, 48 38 09],
[21 04 32, 48 37 34],
[21 04 52, 48 37 00],
[21 05 17, 48 36 27],
[21 05 45, 48 35 55],
[21 06 18, 48 35 26],
[21 06 54, 48 34 58],
[21 07 34, 48 34 32],
;line
[21 08 27, 48 34 02],
[21 06 54, 48 29 30],
;zakomentovana kruznica
;[21 08 17, 48 34 09],
;[21 09 03, 48 33 49],
;[21 09 52, 48 33 31],
;[21 10 43, 48 33 16],
;[21 11 35, 48 33 04],
;[21 12 29, 48 32 55],
;[21 13 24, 48 32 49],
;[21 14 19, 48 32 47],
;[21 15 14, 48 32 47],
;[21 16 09, 48 32 51],
;[21 17 04, 48 32 58],
;[21 17 57, 48 33 08],
;[21 18 49, 48 33 21],
;[21 19 39, 48 33 37],
;statna hranica
	  [ 21 07 05, 48 29 29 ],
	  [ 21 08 11, 48 29 45 ],
	  [ 21 09 08, 48 30 57 ],
	  [ 21 10 56, 48 31 08 ],
	  [ 21 12 35, 48 31 39 ],
	  [ 21 13 21, 48 32 14 ],
	  [ 21 14 06, 48 32 03 ],
	  [ 21 14 27, 48 32 22 ],
	  [ 21 16 09, 48 31 34 ],
	  [ 21 18 28, 48 31 20 ],
	  [ 21 19 04, 48 32 03 ],
	  [ 21 18 46, 48 32 22 ],
	  [ 21 19 44, 48 33 18 ],
;	  [ 21 19 38, 48 33 42 ],
; koniec hranice
[21 19 45, 48 33 34],

[21 20 27, 48 33 56],
[21 21 12, 48 34 17],
[21 21 54, 48 34 41],
[21 22 32, 48 35 08],
[21 23 07, 48 35 36],
[21 23 39, 48 36 07],
[21 24 06, 48 36 39],
[21 24 28, 48 37 12],
[21 24 47, 48 37 47],
[21 25 00, 48 38 22],
[21 25 09, 48 38 59],
[21 25 13, 48 39 35])