;poly pre kruznicu polomera 13000
;zo stredom 21 18 56, 49 01 47
setcolor(6)
setlevel(700)
poly(
[21 29 37, 49 01 34],
[21 29 36, 49 02 11],
[21 29 31, 49 02 47],
[21 29 20, 49 03 23],
[21 29 05, 49 03 58],
[21 28 45, 49 04 33],
[21 28 21, 49 05 06],
;zakomentovana kruznica
;[21 27 52, 49 05 37],
;[21 27 20, 49 06 07],
;[21 26 43, 49 06 35],
;[21 26 03, 49 07 01],
;[21 25 19, 49 07 24],
;[21 24 33, 49 07 45],
;[21 23 44, 49 08 03],
;[21 22 53, 49 08 18],
;[21 22 00, 49 08 30],
;[21 21 05, 49 08 39],
;[21 20 10, 49 08 45],
;[21 19 14, 49 08 47],
;roh
[21 27 57, 49 05 33],
[21 31 07, 49 06 52],
[21 18 30, 49 08 50],
;dalsie body kruznice
[21 18 18, 49 08 47],
[21 17 22, 49 08 43],
[21 16 27, 49 08 36],
[21 15 33, 49 08 26],
[21 14 41, 49 08 13],
[21 13 50, 49 07 57],
[21 13 02, 49 07 38],
[21 12 16, 49 07 16],
[21 11 34, 49 06 52],
[21 10 55, 49 06 26],
[21 10 20, 49 05 58],
[21 09 48, 49 05 27],
[21 09 21, 49 04 55],
[21 08 58, 49 04 21],
[21 08 40, 49 03 47],
[21 08 27, 49 03 11],
[21 08 18, 49 02 35],
[21 08 14, 49 01 58],
[21 08 15, 49 01 21],
[21 08 21, 49 00 45],
[21 08 31, 49 00 09],
[21 08 47, 48 59 34],
[21 09 07, 48 58 59],
[21 09 31, 48 58 26],
[21 10 00, 48 57 55],
[21 10 33, 48 57 25],
[21 11 10, 48 56 57],
[21 11 50, 48 56 32],
[21 12 33, 48 56 09],
[21 13 19, 48 55 48],
[21 14 08, 48 55 30],
[21 14 59, 48 55 15],
[21 15 52, 48 55 03],
[21 16 46, 48 54 54],
[21 17 41, 48 54 48],
[21 18 37, 48 54 46],
[21 19 33, 48 54 46],
[21 20 29, 48 54 50],
[21 21 23, 48 54 57],
[21 22 17, 48 55 07],
[21 23 09, 48 55 20],
[21 24 00, 48 55 36],
[21 24 48, 48 55 55],
[21 25 33, 48 56 16],
[21 26 15, 48 56 40],
[21 26 54, 48 57 06],
[21 27 30, 48 57 35],
[21 28 01, 48 58 05],
[21 28 29, 48 58 37],
[21 28 52, 48 59 11],
[21 29 10, 48 59 45],
[21 29 24, 49 00 21],
[21 29 33, 49 00 57],
[21 29 37, 49 01 34])